1000
79
[-1.66853167 -1.29901346  0.2746472  -0.60362044]
[-2.9728827  -1.08878294  0.70885958  0.42281857]
[-0.59614125 -1.37007001 -3.11685659  0.64445203]
[-1.06894674 -1.17505738 -1.91374267  0.66356158]
[-1.30526888 -0.96592566 -0.1540724   1.19361168]
[-2.18261832 -0.97011387 -0.09816121 -0.88661426]
[-1.24797892 -1.13094525 -0.14735366  1.05980629]
[-1.35308792 -1.06633681  0.02624662 -0.11433516]
[-1.13449871 -1.27403448  0.74355352  0.21035937]
[-0.38457445 -1.08840346 -0.00592741  1.36606007]
[-1.0106506  -0.52017071  1.55511403  0.61332623]
[-0.58310155 -1.18236446 -0.28595915  1.49691099]
[-0.29760388 -1.45995253  1.18311956  0.71889717]
[-0.86057581 -1.01530275 -1.21607658  0.1406719 ]
[-2.47091771 -1.21696663 -0.74367217 -0.15901225]
[-1.33090082 -1.01316175  0.24005693  0.10015941]
[ 0.74840002 -0.91748674 -0.47517511  1.27295375]
[-1.05483466 -0.9320408  -1.69613127  0.73018353]
[-2.19888276 -1.17327072 -1.85748327  0.38259814]
[-0.68305478 -0.94253787 -0.88690433  0.87830376]
[ 0.33541518 -0.86742253  0.08645252  0.24770638]
[-2.20841565 -0.62148086 -1.01827933 -0.65457013]
[-0.55098074 -0.92592953  0.20721739  0.58356993]
[-1.36765353 -0.74709281  2.92909624  0.22285832]
[-0.51006006 -0.72058042  0.97603753 -1.55693393]
[-1.12882553 -0.82567718 -1.32989186 -0.35549477]
[ 0.03846357 -0.95408824 -1.1974277   1.48639925]
[-1.33427091 -0.97861744 -0.41021869  1.38218189]
[-1.25324504 -1.00029749  1.48678247  0.04277972]
[-0.5859504  -0.90083971  0.50179975 -0.05609947]
[-0.58089133 -0.89392288  0.538437    0.48334185]
[ 0.53159322 -0.92106325 -0.12364963  0.50496998]
[-0.7164935  -1.04695893  1.72369628  0.71301623]
[-1.04283938 -0.69187265  0.32579961  0.12476952]
[-0.86068495 -0.83636378 -1.01267312 -1.02729688]
[-1.24742087 -1.12497412  0.32335653 -1.36939112]
[-0.24689056 -1.25017307 -0.7663276   1.28151134]
[-0.53666517 -1.09784291  1.9142297  -1.66595608]
[-0.36741611 -0.86696218  1.62664956 -0.21143829]
[-0.9825744  -0.94234575 -0.01500509 -0.11341163]
[-1.48295958 -0.7579973   1.08054413 -1.60767658]
[ 0.12634239 -1.14164764  0.45616361 -0.9448702 ]
[-2.80050689 -1.19274076  0.57078853  1.54279634]
[-1.09178327e+00 -1.21689417e+00 -4.17326413e-04  3.74155086e-01]
[-1.62364329 -0.76894776  0.40955178 -0.7995935 ]
[-1.88977851 -0.88147175  1.51163935  1.70646825]
[-1.81639915 -0.99980251  0.70178337  0.07328543]
[-1.63157071 -1.03650368 -0.46189382 -0.62649022]
[-2.41916602 -0.93365431  1.71083658  1.41441504]
[-1.34422882 -1.0072566  -0.06366149 -1.57993053]
[-0.30526945 -1.38699973 -2.83201187 -1.08342666]
[-1.51641012 -0.73661066 -0.1306204   1.40068903]
[-2.30882388 -0.71674412 -0.65165621  0.50481546]
[-0.3245979  -0.9548573   1.30318096  0.12853632]
[-2.55740417 -1.28605523 -0.14244787 -1.30876351]
[-2.09054575 -1.29813125 -1.20247531  0.41609963]
[-2.34425835 -0.77359626 -0.20090753  0.12253132]
[-1.58341692 -0.9215981  -0.04727772  0.66414405]
[-1.06548381 -1.17469155 -0.78468741 -0.33558064]
[-1.853954   -1.07418328  1.89618223 -0.79978614]
[-0.20253336 -1.10906196 -0.28157543 -0.5893867 ]
[-2.11182182 -1.00247153  0.44478136  1.02239232]
[-0.74306149 -0.88196559 -0.49821162 -0.43141434]
[-2.38079241 -0.85183138 -0.27898161  0.52983378]
[-1.45709093 -1.10421759 -0.7393953  -0.37595997]
[-1.27469357 -0.84222701 -2.37219387 -1.38174501]
[-0.89107926 -0.87863928 -0.11244376  0.89786417]
[-1.4102254  -0.86087392  0.29507578 -1.09876846]
[-0.94944579 -1.11068691 -1.40025621  0.17468009]
[-0.21145978 -1.11230857 -1.65280364  1.06592682]
[-1.05192543 -0.71752099  0.06389619 -1.60732016]
[-1.53705789 -1.00543912 -0.96595386 -0.72431132]
[-2.22363433 -1.38852429 -0.77319251 -1.48993301]
[-1.70471271 -0.79469615 -0.87466252 -0.68440156]
[-0.37189755 -0.78317826 -0.71128576  1.12795662]
[-2.34594776 -0.92239544  0.1048278  -0.99325722]
[-0.19603572 -0.89887633 -0.33462161 -0.8795571 ]
[-0.45394426 -1.00780232 -0.30000666  0.87550915]
[-0.36725828 -1.24198216  0.25227078  2.28560118]
[0 0 0 0 0 0 0 0 0 0 0 0 0 0 0 0 0 0 0 0 0 0 0 0 0 0 0 0 0 0 0 0 0 0 0 0 0
 0 0 0 0 0 0 0 0 0 0 0 0 0 0 0 0 0 0 0 0 0 0 0 0 0 0 0 0 0 0 0 0 0 0 0 0 0
 0 0 0 0 0 0 0 0 0 0 0 0 0 0 0 0 0 0 0 0 0 0 0 0 0 0 0 0 0 0 0 0 0 0 0 0 0
 0 0 0 0 0 0 0 0 0 0 0 0 0 0 0 0 0 0 1 0 0 0 0 0 0 0 0 0 0 0 0 0 0 0 0 0 0
 0 0 0 0 0 0 0 0 0 0 0 0 0 0 0 0 0 0 0 0 0 0 0 0 0 0 0 0 0 0 0 0 0 0 0 0 0
 0 0 0 0 0 0 0 0 0 0 0 0 0 0 0 0 0 0 0 0 0 0 0 0 0 0 0 0 0 0 0 0 0 0 0 0 0
 0 0 0 0 0 0 0 0 0 0 0 0 0 0 0 0 0 0 0 0 0 0 0 0 0 0 0 0 1 1 1 1 1 1 1 1 1
 1 1 1 1 1 1 1 1 1 1 1 1 1 1 1 1 1 1 1 1 1 1 1 1 1 1 1 1 1 1 1 1 1 1 1 1 1
 1 1 1 1 1 1 1 1 1 1 1 1 1 1 1 1 1 0 1 1 1 1 1 1 1 1 1 1 1 1 1 1 1 1 1 1 1
 1 1 1 1 1 1 1 1 1 1 1 1 1 1 1 1 1 1 1 1 1 1 1 1 1 1 1 1 1 1 1 1 0 1 1 1 1
 1 1 1 1 1 1 1 1 1 1 1 1 1 1 1 1 1 1 1 1 1 1 1 1 1 1 1 1 1 1 1 1 1 1 1 1 1
 0 1 1 1 1 1 1 1 1 1 1 1 1 1 1 1 1 1 1 1 1 1 1 1 1 1 1 1 1 1 1 1 1 1 1 1 1
 1 1 1 1 1 1 1 1 1 1 1 1 1 1 1 1 1 1 1 1 1 1 1 1 1 1 1 1 1 1 1 1 1 1 1 1 1
 1 1 1 1 1 1 1 1 1 1 1 1 1 1 1 1 1 1 1 0 0 0 0 0 0 0 0 0 0 0 0 0 0 0 0 0 0
 0 0 0 0 0 0 0 0 0 0 0 0 0 0 0 0 0 0 0 0 0 0 0 0 0 0 0 0 0 0 0 0 0 1 0 0 0
 0 0 0 0 0 0 0 0 0 0 0 0 0 0 0 0 0 0 0 0 0 0 0 0 0 0 0 0 0 0 0 0 0 0 0 0 0
 0 0 0 0 0 0 0 0 0 0 0 0 0 0 0 0 0 0 0 0 0 0 0 0 0 0 0 0 0 0 0 0 0 0 0 0 0
 0 0 0 0 0 0 0 0 0 0 0 0 0 0 0 1 0 0 0 0 0 0 0 0 0 0 0 0 0 0 0 0 0 0 0 0 0
 0 0 0 0 0 0 0 0 0 0 0 0 0 0 0 0 0 0 0 0 0 0 0 0 0 0 0 0 0 0 0 0 0 0 0 0 0
 0 0 0 0 0 0 0 0 0 0 0 0 0 0 0 0 0 0 0 0 0 0 0 0 0 0 0 0 0 0 0 0 0 0 0 0 0
 0 0 0 0 0 0 0 0 0 0 1 1 1 1 1 1 1 1 1 1 1 1 1 1 1 1 1 1 1 1 1 1 1 1 1 1 1
 1 0 1 1 1 1 1 1 1 1 1 1 1 1 1 1 1 1 1 1 1 1 1 1 1 1 1 1 1 1 1 1 1 1 1 1 1
 1 1 1 1 1 1 1 1 1 1 1 1 1 1 1 1 1 1 1 1 1 1 1 1 1 1 1 1 1 1 1 1 1 1 1 1 1
 1 1 1 1 1 1 1 1 1 1 1 1 1 1 1 1 1 1 1 1 1 0 1 1 1 1 1 1 1 1 1 1 1 1 1 1 1
 1 1 1 1 1 1 1 1 1 1 1 1 1 1 1 1 1 1 1 1 1 1 1 1 1 1 1 1 1 1 1 1 1 1 1 1 1
 1 1 1 1 1 1 1 1 1 1 1 1 1 1 1 1 1 1 1 1 1 1 1 1 0 1 1 1 1 1 1 1 1 1 1 1 1
 1 1 1 1 1 1 1 1 1 1 1 1 1 1 1 1 1 1 1 1 1 1 1 1 1 1 1 1 1 1 1 1 0 1 1 1 1
 1]
